5	4	4
blignal2_beat




blignal2_beat




blignal2_beat




blignal2_beat




blignal2_bass_0
60
0	8	24	48
32	56
16	40
blignal2_bass_1
28	44	60
0	8	24	32	48
20	40	56
16	52
blignal2_bass_2
30	46	56
0	8	27	32	48	60
20	24	43	52
16	36	40
blignal2_bass_3
0	4	8	27	30	46	55
14	20	24	29	32	39	45	48	52	54	56	57
11	13	16	19	23	26	36	38	43	49	51	53	60
3	6	10	12	17	37	40	50
blignal2_bell_0
0	44	56
4	20	40	48
8	16	24	32	52
12	28	36
blignal2_bell_1
0	4	8	46	60
2	10	36	40	44	54
12	28	34	42	56
14	24	32
blignal2_bell_2
0	4	8	12	16	20	24	28	32	36	50	62
2	26	34	38	42	48	52	60
6	14	22	30	40	46	54	58
10	18	44	56
blignal2_bell_3
0	4	8	12	16	20	24	28	32	35	38	42	48	52	62
2	5	9	13	17	23	25	29	34	37	40	43	46	49	51	54	60
1	3	6	11	14	18	22	27	30	33	36	39	41	44	47	50	53	56	58
7	10	15	19	21	26	31	45	55	57	59
blignal2_lead_0
0	54
12	44	60
16	28	38	48
6	22	32
blignal2_lead_1
18	22	50	54
0	10	14	24	30	46	56
6	28	32	36	42	58	62
4	26	38	60
blignal2_lead_2
22	49	50	54
0	12	18	24	30	46	47	56
6	10	14	20	28	32	36	37	38	43	44	58	62
4	8	26	40	41	60	61
blignal2_lead_3
0	1	11	12	17	18	22	24	30	46	47	49	50	52
3	10	14	15	21	29	32	36	37	38	39	43	44	48	54
2	6	7	9	20	26	28	40	41	45	56	62
4	8	25	42	58	60	63
blignal2_side_0
0	48
32
2	22	38
6	16	44
blignal2_side_1
0	18
2	26	42
6	14	28	32	38	46
10	30	36
blignal2_side_2
0	4	12	18	20	26
2	13	27	42	58	60
6	14	28	32	36	38	40	46	56	62
10	30	52	54
blignal2_side_3
0	1	4	5	12	18	20	26	37	39	42	44	60
2	13	14	27	33	36	38	40	46	48	58	62	63
6	11	15	19	28	30	32	34	56
10	16	18	20	29	31	35	41	52	53	54